1,1,10,1
1,1,27,1
1,1,25,13,23,7,17,1
1,1,27,29,6,1
1,1,3,1
1,1,22,3,1
1,1,30,2,21,1
1,1,15,2,19,1
1,1,21,11,21,1
1,1,14,1
1,1,8,1
1,1,16,9,4,16,1
1,1,3,5,18,1
1,1,26,8,1
1,1,14,17,1
1,1,3,12,24,1
1,1,10,28,10,1
1,1,20,26,8,1
1,1,3,1
2,1,20,26,8,1
2,1,3,1
2,1,21,11,24,1
2,1,16,1
2,1,3,1
2,1,24,28,12,3,1
2,1,26,8,1
2,1,14,1
2,1,3,1
2,1,23,1
2,1,21,2,8,1
2,1,27,29,6,1
2,1,16,9,4,15,1
2,1,22,7,23,13,23,1
2,1,3,5,18,1
2,1,18,19,1
2,1,30,10,1
2,1,14,25,14,17,1
3,1,3,1
3,1,3,5,7,17,1
3,1,4,2,21,1
3,1,10,20,26,8,1
3,1,18,19,1
3,1,22,11,21,1
3,1,23,13,23,1
3,1,25,14,1
3,1,15,9,16,1
3,1,3,1
3,1,6,29,26,8,1
3,1,3,12,3,1
3,1,21,24,1
3,1,30,16,1
3,1,14,1
3,1,10,28,8,1
3,1,27,1
3,1,3,1
3,1,14,17,1