1,1,19,1
1,1,15,1
1,1,19,11,9,6,19,1
1,1,7,5,3,1
1,1,15,1
1,1,19,8,1
1,1,14,1
1,1,3,2,20,15,1
1,1,15,1
1,1,16,13,6,19,1
1,1,14,12,14,1
1,1,19,6,4,10,1
1,1,14,17,1
1,1,19,18,19,1
2,1,3,1
2,1,19,1
2,1,19,2,20,15,1
2,1,19,11,8,1
2,1,7,4,10,1
2,1,15,1
2,1,5,17,1
2,1,3,12,3,1
2,1,19,18,9,6,1
2,1,16,1
2,1,14,1
2,1,6,13,16,1
2,1,15,20,4,10,1
3,1,5,3,2,20,15,1
3,1,19,1
3,1,15,1
3,1,19,6,19,18,3,12,3,1
3,1,15,1
3,1,19,18,11,9,6,19,1
3,1,16,1
3,1,15,1
3,1,3,1
3,1,7,1
3,1,16,13,16,1
3,1,14,17,1
3,1,19,6,4,10,8,1