1,1,47,62,39,62,92,6,1
1,1,18,39,22,79,1
1,1,68,1
1,1,54,4,33,100,1
1,1,91,60,74,91,1
1,1,25,21,1
1,1,11,58,96,1
1,1,18,77,36,88,6,1
1,1,21,1
1,1,85,10,72,100,1
1,1,91,65,30,35,29,13,1
1,1,91,60,76,46,13,1
1,1,87,28,100,1
1,1,68,30,66,71,74,91,1
1,1,21,1
1,1,21,98,97,82,1
1,1,21,51,79,1
1,1,21,36,82,1
1,1,21,57,97,68,1
1,1,96,1
1,1,100,3,90,23,100,1
1,1,96,80,95,32,82,1
1,1,91,5,81,100,1
1,1,68,52,42,1
1,1,2,81,78,6,1
1,1,100,67,100,1
1,1,21,4,55,82,1
1,1,21,18,83,53,1
1,1,87,70,61,1
1,1,26,59,15,43,100,1
1,1,96,50,73,45,82,1
1,1,68,52,49,8,1
1,1,21,32,82,1
1,1,2,71,66,74,91,1
1,1,100,23,90,13,1
1,1,96,11,20,24,1
1,1,6,1
1,1,87,70,59,14,13,1
1,1,17,1
1,1,2,74,2,1
1,1,63,27,1
1,1,21,99,82,1
1,1,100,72,100,1
1,1,2,33,16,33,2,1
1,1,21,1
1,1,53,1
1,1,68,52,86,79,1
1,1,2,74,31,91,1
1,1,68,94,89,82,1
1,1,24,3,100,1
1,1,6,19,56,21,1
1,1,26,9,100,1
1,1,6,78,40,37,56,68,1
1,1,21,1
1,1,13,1
1,1,13,34,38,1
1,1,73,75,73,1
1,1,6,77,69,77,6,1
1,1,42,1
1,1,68,41,78,6,1
1,1,93,1
1,1,100,72,64,72,100,1
1,1,6,88,7,82,1
1,1,13,14,13,1
1,1,87,44,87,1
1,1,48,1
1,1,2,12,100,1
1,1,6,45,82,1
1,1,6,92,6,1
1,1,82,1
1,1,84,1
2,1,100,70,100,1
2,1,37,36,82,1
2,1,36,82,1
2,1,100,4,52,37,98,89,90,23,100,1
2,1,53,39,50,77,6,1
2,1,6,1
2,1,96,1
2,1,82,1
2,1,21,1
2,1,100,81,100,1
2,1,21,1
2,1,87,1
2,1,6,77,50,47,82,1
2,1,87,34,83,19,6,1
2,1,100,35,64,33,2,1
2,1,21,25,86,56,21,1
2,1,61,1
2,1,6,92,75,58,96,1
2,1,6,88,6,1
2,1,15,27,1
2,1,42,1
2,1,100,28,14,13,1
2,1,24,1
2,1,68,7,32,82,1
2,1,42,51,17,1
2,1,82,65,91,1
2,1,68,52,68,1
2,1,100,43,100,1
2,1,68,97,5,46,13,1
2,1,100,33,16,93,1
2,1,100,72,100,1
2,1,87,10,72,100,1
2,1,82,30,82,1
2,1,68,41,78,6,1
2,1,87,44,87,1
2,1,82,11,42,1
2,1,63,35,29,59,14,13,1
2,1,73,1
2,1,100,12,2,1
2,1,68,97,57,22,89,82,1
2,1,82,76,82,1
2,1,2,1
2,1,82,45,80,62,92,6,1
2,1,91,74,66,74,91,1
2,1,82,99,82,1
2,1,100,9,13,94,1
2,1,100,3,16,33,31,74,91,1
2,1,13,1
2,1,79,1
2,1,85,28,100,1
2,1,53,83,18,82,1
2,1,84,1
2,1,82,11,95,69,62,18,82,1
2,1,6,78,40,37,54,1
2,1,13,90,23,27,1
2,1,100,72,64,72,100,1
2,1,2,74,2,1
2,1,2,74,5,20,24,81,67,71,74,2,1
2,1,38,8,49,99,82,1
2,1,48,70,26,1
2,1,21,1
2,1,82,55,78,58,96,1
2,1,2,74,60,74,91,1
3,1,6,51,79,1
3,1,84,1
3,1,37,25,96,1
3,1,84,14,13,1
3,1,6,92,39,75,58,96,1
3,1,13,90,13,1
3,1,15,29,43,100,1
3,1,82,89,20,38,1
3,1,48,1
3,1,100,74,57,97,69,95,93,1
3,1,53,70,100,1
3,1,82,37,98,79,1
3,1,82,47,82,1
3,1,82,11,42,1
3,1,100,67,60,94,50,77,6,1
3,1,79,57,19,6,1
3,1,13,46,23,8,49,62,18,82,1
3,1,100,72,27,1
3,1,53,83,47,45,82,1
3,1,100,33,16,3,100,1
3,1,82,80,82,1
3,1,6,94,1
3,1,100,74,5,74,2,1
3,1,6,78,41,78,6,1
3,1,100,12,2,1
3,1,26,1
3,1,82,18,82,1
3,1,6,77,50,96,1
3,1,6,78,40,78,6,1
3,1,21,1
3,1,6,88,36,82,1
3,1,2,1
3,1,8,1
3,1,6,52,36,82,1
3,1,100,72,64,76,74,91,1
3,1,91,1
3,1,82,97,82,1
3,1,42,1
3,1,2,81,31,74,91,1
3,1,82,18,62,92,6,1
3,1,2,28,100,1
3,1,82,32,82,1
3,1,2,74,71,61,1
3,1,24,3,100,1
3,1,13,14,35,27,1
3,1,82,99,82,1
3,1,13,29,13,1
3,1,79,22,79,1
3,1,91,65,55,82,1
3,1,21,4,21,1
3,1,63,59,48,1
3,1,82,30,82,1
3,1,87,44,87,1
3,1,73,58,96,1
3,1,21,56,86,79,1
3,1,87,10,85,9,100,1
3,1,2,74,66,78,41,54,1
3,1,17,1
3,1,13,34,68,1
3,1,82,32,7,82,1
3,1,21,1