1,1,44,26,1
1,1,43,24,1
1,1,12,1
1,1,45,9,39,31,1
1,1,42,33,8,16,35,31,1
1,1,47,1
1,1,47,14,40,31,1
1,1,47,36,31,1
1,1,26,37,40,31,1
1,1,27,13,31,1
1,1,29,1
1,1,31,1
1,1,28,25,6,1
1,1,47,5,34,49,2,31,1
1,1,31,20,27,18,41,29,1
1,1,29,22,41,29,1
1,1,32,1
1,1,47,38,21,3,24,1
1,1,17,5,48,13,31,1
1,1,31,2,31,1
1,1,47,1
1,1,31,27,7,40,31,1
1,1,47,1
1,1,47,15,50,30,19,32,1
1,1,47,1
1,1,12,4,40,31,1
1,1,47,46,26,1
1,1,47,11,2,31,1
1,1,10,23,10,1
2,1,29,1
2,1,29,41,29,1
2,1,32,19,3,24,1
2,1,47,31,1
2,1,26,1
2,1,31,13,48,14,40,31,1
2,1,31,39,31,1
2,1,12,25,6,1
2,1,47,46,15,35,31,1
2,1,12,4,1
2,1,26,44,26,1
2,1,31,30,22,31,1
2,1,47,15,1
2,1,10,1
2,1,47,49,2,31,1
2,1,31,40,18,40,31,1
2,1,47,43,1
2,1,47,46,38,21,24,1
2,1,42,20,31,1
2,1,47,5,37,40,31,1
2,1,31,27,2,31,1
2,1,29,8,16,31,1
2,1,31,40,14,18,7,40,31,1
2,1,47,1
2,1,42,33,11,34,39,31,1
2,1,45,26,1
2,1,10,23,50,36,17,1
2,1,45,9,45,28,1
2,1,47,1
3,1,47,1
3,1,47,46,10,1
3,1,47,14,18,7,20,31,1
3,1,42,1
3,1,26,1
3,1,47,41,22,31,1
3,1,47,34,31,1
3,1,47,11,30,19,32,1
3,1,28,33,9,39,31,1
3,1,32,1
3,1,47,46,38,21,3,24,1
3,1,47,1
3,1,45,25,6,1
3,1,42,39,31,1
3,1,42,50,36,23,10,1
3,1,29,37,40,31,1
3,1,47,2,35,16,8,29,1
3,1,40,49,2,31,1
3,1,31,1
3,1,26,44,26,1
3,1,12,27,1
3,1,47,15,1
3,1,47,14,48,13,31,1
3,1,12,4,13,31,1
3,1,47,5,17,1
3,1,47,43,24,1