1,1,268,1
1,1,60,9,60,1
1,1,11,279,1
1,1,27,149,137,149,27,1
1,1,268,22,268,1
1,1,241,1
1,1,18,1
1,1,34,1
1,1,73,1
1,1,101,1
1,1,81,1
1,1,268,22,247,113,22,268,1
1,1,227,84,1
1,1,37,165,37,1
1,1,11,122,11,1
1,1,60,9,80,171,81,1
1,1,34,235,34,1
1,1,27,200,27,1
1,1,268,22,52,22,276,22,268,1
1,1,60,9,281,244,37,1
1,1,98,242,98,1
1,1,37,214,37,1
1,1,11,122,11,1
1,1,42,94,42,1
1,1,27,175,211,27,1
1,1,245,1
1,1,60,231,60,1
1,1,198,160,245,1
1,1,27,111,249,35,249,97,27,1
1,1,101,210,164,280,60,1
1,1,127,1
1,1,37,214,125,167,125,214,37,1
1,1,60,118,60,1
1,1,18,50,18,1
1,1,268,22,276,90,276,22,268,1
1,1,18,103,18,1
1,1,27,149,145,149,27,1
1,1,127,67,221,127,1
1,1,189,1
1,1,42,188,42,1
1,1,139,1
1,1,271,25,81,1
1,1,98,242,131,242,98,1
1,1,27,149,147,114,245,1
1,1,11,256,11,1
1,1,37,165,65,165,37,1
1,1,98,293,131,199,37,1
1,1,18,103,283,103,18,1
1,1,34,235,186,141,153,169,241,1
1,1,27,149,137,64,137,149,27,1
1,1,81,126,81,1
1,1,27,97,284,97,27,1
1,1,37,165,65,51,65,165,37,1
1,1,98,242,33,242,98,1
1,1,81,126,148,126,220,171,81,1
1,1,245,151,245,1
1,1,27,249,248,249,27,1
1,1,198,273,198,1
1,1,27,97,12,234,1
1,1,27,149,152,149,27,1
1,1,81,74,81,1
1,1,60,9,281,116,94,42,1
1,1,198,48,261,160,245,1
1,1,245,138,1
1,1,16,1
1,1,198,252,198,1
1,1,298,1
1,1,270,1
1,1,16,41,16,1
1,1,81,286,81,1
1,1,81,31,184,271,1
1,1,198,219,198,1
1,1,259,1
1,1,37,246,209,259,1
1,1,168,1
1,1,245,192,245,1
1,1,81,171,255,171,81,1
1,1,198,117,187,160,245,1
1,1,81,126,278,126,81,1
1,1,17,1
1,1,81,72,81,1
1,1,81,286,258,146,286,81,1
1,1,245,192,250,192,245,1
1,1,11,122,86,122,11,1
1,1,11,121,11,1
1,1,73,243,73,1
1,1,81,126,135,4,286,81,1
1,1,259,216,259,1
1,1,100,1
1,1,168,229,168,1
1,1,27,149,137,123,137,149,27,1
1,1,27,97,12,132,44,1
1,1,93,1
1,1,42,61,32,37,1
1,1,16,300,16,1
1,1,16,183,16,1
1,1,198,69,124,187,160,245,1
1,1,85,1
1,1,70,1
1,1,271,107,271,1
1,1,277,1
1,1,27,211,170,138,1
1,1,27,97,226,97,27,1
1,1,168,185,168,1
1,1,44,206,208,154,261,160,245,1
1,1,27,149,49,149,27,1
1,1,182,76,182,1
1,1,16,66,16,1
1,1,37,246,213,246,37,1
1,1,27,149,152,272,217,117,198,1
1,1,44,119,44,1
1,1,14,88,17,1
1,1,37,214,125,8,125,214,37,1
1,1,40,1
1,1,81,171,181,171,81,1
1,1,16,20,16,1
1,1,44,206,134,91,149,27,1
1,1,245,192,156,192,245,1
1,1,259,240,82,189,1
1,1,271,15,271,1
1,1,232,1
1,1,11,121,288,121,11,1
1,1,81,171,295,204,295,171,81,1
1,1,189,46,189,1
1,1,245,192,24,296,99,296,27,1
1,1,198,59,290,245,1
1,1,127,228,127,1
1,1,81,126,148,166,148,126,81,1
1,1,127,221,162,221,127,1
1,1,277,112,277,1
1,1,189,82,291,82,189,1
1,1,14,269,14,1
1,1,81,78,81,1
1,1,198,252,54,99,197,160,245,1
1,1,212,1
1,1,136,155,136,1
1,1,81,171,255,203,255,171,81,1
1,1,81,171,128,171,81,1
1,1,189,46,267,46,189,1
1,1,271,174,271,1
1,1,259,47,259,1
1,1,11,121,10,121,11,1
1,1,212,58,212,1
1,1,127,221,162,224,162,221,127,1
1,1,189,82,105,82,189,1
1,1,60,53,60,1
1,1,245,192,156,161,43,149,27,1
1,1,212,233,212,1
1,1,14,180,14,1
1,1,81,286,4,297,262,166,148,126,81,1
1,1,81,171,255,203,29,203,255,171,81,1
1,1,81,31,56,31,81,1
1,1,245,160,197,193,197,160,245,1
1,1,27,149,152,299,152,149,27,1
1,1,218,1
1,1,182,76,26,76,182,1
1,1,198,59,163,59,198,1
1,1,44,289,292,76,182,1
1,1,81,201,81,1
1,1,44,57,44,1
1,1,27,149,137,64,176,257,245,1
1,1,44,119,140,119,44,1
1,1,81,171,220,2,220,171,81,1
1,1,44,119,239,119,44,1
1,1,27,149,91,115,236,136,1
1,1,44,45,44,1
1,1,198,59,102,59,198,1
1,1,182,92,182,1
1,1,27,149,264,149,27,1
1,1,17,88,75,88,17,1
1,1,182,76,274,76,182,1
1,1,27,149,49,89,49,149,27,1
1,1,83,1
1,1,245,192,62,192,245,1
1,1,81,286,143,253,146,286,81,1
1,1,81,201,130,87,271,1
1,1,136,129,265,129,136,1
1,1,198,59,238,59,198,1
1,1,14,269,225,269,14,1
1,1,81,74,3,96,17,1
1,1,245,28,19,163,59,198,1
1,1,198,59,172,275,152,149,27,1
1,1,44,57,142,57,44,1
1,1,44,289,222,289,44,1
1,1,190,1
1,1,44,119,239,23,77,222,36,289,44,1
1,1,17,157,108,294,273,198,1
1,1,245,28,251,28,245,1
1,1,182,76,26,178,26,76,182,1
1,1,182,68,182,1
1,1,27,196,27,1
1,1,81,25,38,25,81,1
1,1,27,149,49,89,39,89,49,149,27,1
1,1,27,149,202,194,64,137,149,27,1
1,1,104,1
1,1,232,133,232,1
1,1,232,144,232,1
1,1,182,92,237,223,40,1
1,1,83,6,230,14,1
1,1,81,286,258,30,55,143,286,81,1
1,1,218,191,282,14,1
1,1,81,286,143,55,120,177,258,286,81,1
1,1,245,266,179,40,1
1,1,81,215,5,192,245,1
1,1,40,79,263,198,1
1,1,11,71,11,1
1,1,232,144,63,13,195,1
1,1,27,149,152,272,159,272,152,149,27,1
1,1,44,289,36,207,36,289,44,1
1,1,109,1
1,1,44,119,239,254,7,57,44,1
1,1,83,285,83,1
1,1,245,160,110,160,245,1
1,1,83,173,285,95,285,83,1
1,1,83,6,260,6,83,1
1,1,198,252,150,252,198,1
1,1,81,286,143,108,287,108,143,286,81,1
1,1,11,256,106,158,21,143,286,81,1
1,1,245,192,205,192,245,1
2,1,268,22,268,1
2,1,60,9,80,9,60,1
2,1,11,1
2,1,27,149,27,1
2,1,241,1
2,1,18,235,113,22,268,1
2,1,34,1
2,1,73,279,175,27,1
2,1,101,164,268,1
2,1,81,1
2,1,268,22,247,22,268,1
2,1,227,1
2,1,37,1
2,1,11,122,11,1
2,1,37,165,37,1
2,1,27,200,27,1
2,1,81,171,81,1
2,1,268,22,52,22,268,1
2,1,60,9,281,9,60,1
2,1,98,1
2,1,37,214,37,1
2,1,84,276,22,268,1
2,1,27,149,137,147,114,245,1
2,1,245,160,245,1
2,1,60,231,60,1
2,1,198,1
2,1,27,111,27,1
2,1,37,244,37,1
2,1,101,210,101,1
2,1,98,242,98,1
2,1,27,249,27,1
2,1,127,1
2,1,37,214,125,167,125,214,37,1
2,1,60,118,164,280,60,1
2,1,18,50,18,1
2,1,268,22,276,90,276,22,268,1
2,1,18,103,283,103,18,1
2,1,27,149,145,149,27,1
2,1,127,67,127,1
2,1,27,249,35,249,27,1
2,1,189,42,1
2,1,27,211,256,11,1
2,1,27,97,27,1
2,1,139,1
2,1,271,1
2,1,98,242,131,33,242,98,1
2,1,37,165,65,165,37,1
2,1,98,293,98,1
2,1,81,25,126,81,1
2,1,34,235,186,235,34,1
2,1,153,1
2,1,27,149,137,64,151,245,1
2,1,27,97,284,97,27,1
2,1,37,165,65,51,199,37,1
2,1,34,141,34,1
2,1,81,126,148,126,81,1
2,1,27,249,248,249,27,1
2,1,127,221,127,1
2,1,198,273,74,31,81,1
2,1,42,188,116,281,9,60,1
2,1,27,97,12,152,149,27,1
2,1,189,94,298,1
2,1,198,48,198,1
2,1,245,138,1
2,1,16,41,16,1
2,1,198,252,198,1
2,1,270,220,171,81,1
2,1,241,169,241,1
2,1,81,286,81,1
2,1,198,219,198,1
2,1,259,216,259,1
2,1,37,246,37,1
2,1,234,1
2,1,168,1
2,1,245,192,250,192,245,1
2,1,168,261,168,1
2,1,81,171,255,278,126,81,1
2,1,198,117,198,1
2,1,271,184,271,1
2,1,17,258,286,81,1
2,1,81,72,81,1
2,1,189,94,243,255,135,181,171,81,1
2,1,11,122,86,122,11,1
2,1,11,121,86,146,107,271,1
2,1,37,209,259,1
2,1,100,1
2,1,168,229,44,1
2,1,27,149,137,123,137,149,27,1
2,1,27,97,12,132,12,97,27,1
2,1,93,1
2,1,42,61,213,246,37,1
2,1,16,300,16,1
2,1,16,183,66,119,44,1
2,1,198,69,198,1
2,1,85,1
2,1,245,160,187,124,187,160,245,1
2,1,70,1
2,1,81,286,4,286,81,1
2,1,277,1
2,1,27,211,170,288,121,11,1
2,1,27,97,226,97,27,1
2,1,168,185,168,1
2,1,44,206,208,97,27,1
2,1,168,261,154,261,168,1
2,1,27,149,49,149,27,1
2,1,182,1
2,1,37,32,37,1
2,1,27,149,152,272,152,149,27,1
2,1,14,1
2,1,37,214,125,8,125,214,37,1
2,1,40,156,192,245,1
2,1,16,20,16,1
2,1,44,206,134,91,149,27,1
2,1,259,240,259,1
2,1,271,15,271,1
2,1,232,1
2,1,17,88,17,1
2,1,81,171,295,82,189,1
2,1,189,46,267,46,189,1
2,1,245,192,24,192,245,1
2,1,198,117,217,117,198,1
2,1,198,59,99,219,198,1
2,1,127,228,127,1
2,1,182,76,274,292,76,182,1
2,1,81,126,148,166,78,81,1
2,1,27,296,197,193,197,160,245,1
2,1,127,221,162,224,162,47,128,171,81,1
2,1,277,112,277,1
2,1,189,82,291,105,204,295,171,81,1
2,1,14,269,14,1
2,1,198,252,54,252,198,1
2,1,212,1
2,1,136,1
2,1,81,171,255,203,255,171,81,1
2,1,271,174,271,1
2,1,11,121,10,121,11,1
2,1,212,58,233,212,1
2,1,60,53,29,203,255,171,81,1
2,1,245,192,156,161,156,192,245,1
2,1,14,180,14,1
2,1,81,286,4,297,4,286,81,1
2,1,81,31,56,31,81,1
2,1,245,290,245,1
2,1,27,149,152,299,152,149,27,1
2,1,218,1
2,1,198,59,163,59,198,1
2,1,44,289,239,119,44,1
2,1,198,252,26,252,198,1
2,1,81,201,81,1
2,1,136,155,136,1
2,1,44,57,44,1
2,1,27,149,137,64,176,257,245,1
2,1,44,119,140,119,44,1
2,1,81,171,220,2,220,171,81,1
2,1,81,126,148,166,262,166,148,126,81,1
2,1,198,59,43,149,27,1
2,1,27,149,91,115,236,136,1
2,1,44,45,44,1
2,1,198,59,102,59,198,1
2,1,182,92,182,1
2,1,27,149,264,149,27,1
2,1,17,88,75,88,17,1
2,1,27,149,49,89,49,149,27,1
2,1,83,1
2,1,245,192,62,192,245,1
2,1,81,286,143,253,146,286,81,1
2,1,81,201,130,201,81,1
2,1,136,129,265,129,136,1
2,1,198,59,238,59,198,1
2,1,14,269,225,269,14,1
2,1,81,74,3,74,81,1
2,1,245,28,19,163,59,198,1
2,1,198,59,172,59,198,1
2,1,44,57,142,57,44,1
2,1,44,289,222,289,44,1
2,1,190,1
2,1,27,149,152,275,251,28,245,1
2,1,44,119,239,23,239,119,44,1
2,1,44,289,77,289,44,1
2,1,17,157,17,1
2,1,81,286,143,108,143,286,81,1
2,1,182,68,182,1
2,1,198,252,26,178,26,252,198,1
2,1,27,196,27,1
2,1,81,25,38,25,81,1
2,1,27,149,49,89,39,89,49,149,27,1
2,1,27,149,202,149,27,1
2,1,104,1
2,1,271,87,271,1
2,1,232,133,232,1
2,1,232,144,232,1
2,1,182,92,237,92,182,1
2,1,40,223,263,79,40,1
2,1,83,6,83,1
2,1,44,289,36,289,44,1
2,1,81,286,258,30,258,286,81,1
2,1,81,286,143,55,120,55,143,286,81,1
2,1,27,149,137,64,194,7,57,44,1
2,1,17,96,17,1
2,1,198,273,294,273,198,1
2,1,218,191,282,14,1
2,1,245,266,245,1
2,1,81,215,81,1
2,1,11,71,11,1
2,1,232,144,63,230,14,1
2,1,81,286,258,177,13,195,1
2,1,27,149,152,272,159,272,152,149,27,1
2,1,44,289,36,207,36,254,239,119,44,1
2,1,109,1
2,1,83,285,173,83,1
2,1,245,160,110,160,245,1
2,1,245,192,5,260,6,83,1
2,1,40,179,150,252,198,1
2,1,81,286,143,108,287,108,143,286,81,1
2,1,83,285,95,158,107,271,1
2,1,11,256,106,256,11,1
2,1,81,286,143,21,143,286,81,1
2,1,245,192,205,192,245,1
3,1,268,1
3,1,60,9,60,1
3,1,11,1
3,1,27,1
3,1,268,22,268,1
3,1,241,34,1
3,1,27,149,27,1
3,1,18,1
3,1,73,1
3,1,101,210,101,1
3,1,81,1
3,1,268,22,247,22,268,1
3,1,227,1
3,1,37,1
3,1,279,1
3,1,268,22,113,22,268,1
3,1,11,122,11,1
3,1,60,9,80,171,81,1
3,1,34,235,34,1
3,1,37,165,37,1
3,1,27,200,175,211,27,1
3,1,268,22,52,22,268,1
3,1,60,9,281,231,60,1
3,1,98,1
3,1,37,214,125,214,37,1
3,1,84,1
3,1,27,149,137,149,27,1
3,1,245,160,245,1
3,1,268,22,276,22,268,1
3,1,198,1
3,1,27,111,27,1
3,1,37,244,127,1
3,1,268,164,280,60,1
3,1,98,242,98,1
3,1,27,249,27,1
3,1,60,118,65,165,37,1
3,1,18,50,248,249,27,1
3,1,268,22,276,90,276,22,268,1
3,1,18,103,18,1
3,1,27,149,145,149,27,1
3,1,127,67,167,125,214,37,1
3,1,27,249,35,249,27,1
3,1,189,1
3,1,42,1
3,1,27,97,27,1
3,1,139,1
3,1,271,1
3,1,98,242,131,242,98,1
3,1,27,149,147,149,27,1
3,1,11,256,11,1
3,1,245,114,245,1
3,1,98,293,98,1
3,1,18,103,283,186,284,97,27,1
3,1,81,25,81,1
3,1,153,1
3,1,27,149,137,64,137,149,27,1
3,1,81,126,81,1
3,1,37,165,65,51,199,37,1
3,1,34,141,34,1
3,1,98,242,33,199,221,127,1
3,1,81,126,148,126,81,1
3,1,245,151,152,149,27,1
3,1,198,273,74,81,1
3,1,42,188,42,1
3,1,27,97,12,97,27,1
3,1,189,94,189,1
3,1,60,9,281,116,298,1
3,1,198,48,198,1
3,1,245,138,1
3,1,16,41,123,137,149,27,1
3,1,198,252,198,1
3,1,270,1
3,1,241,169,241,1
3,1,81,286,81,1
3,1,81,171,220,171,81,1
3,1,81,31,17,1
3,1,198,219,198,1
3,1,259,246,37,1
3,1,234,261,160,245,1
3,1,168,1
3,1,245,192,250,117,198,1
3,1,81,171,255,171,81,1
3,1,81,126,278,126,81,1
3,1,271,184,271,1
3,1,81,72,135,181,171,81,1
3,1,81,286,258,86,121,11,1
3,1,189,94,243,94,189,1
3,1,37,209,216,259,1
3,1,81,286,146,286,81,1
3,1,100,1
3,1,168,229,168,1
3,1,27,97,12,132,12,97,27,1
3,1,93,66,16,1
3,1,42,61,42,1
3,1,16,300,16,1
3,1,44,1
3,1,16,183,16,1
3,1,198,69,187,160,245,1
3,1,85,70,1
3,1,81,286,4,286,81,1
3,1,271,107,271,1
3,1,277,240,259,1
3,1,27,211,170,138,1
3,1,27,97,226,208,97,27,1
3,1,168,185,168,1
3,1,44,206,44,1
3,1,27,149,49,149,27,1
3,1,182,1
3,1,245,160,261,154,119,44,1
3,1,37,32,37,1
3,1,37,246,213,246,37,1
3,1,27,149,152,272,152,149,27,1
3,1,14,1
3,1,37,214,125,8,125,214,37,1
3,1,40,1
3,1,245,160,187,124,217,117,198,1
3,1,16,20,16,1
3,1,44,206,134,206,44,1
3,1,245,192,156,192,245,1
3,1,271,15,271,1
3,1,232,1
3,1,17,88,17,1
3,1,11,121,288,121,11,1
3,1,81,171,295,82,189,1
3,1,189,46,189,1
3,1,245,192,24,192,245,1
3,1,198,59,198,1
3,1,127,228,127,1
3,1,182,76,182,1
3,1,81,126,148,166,148,126,81,1
3,1,27,296,27,1
3,1,127,221,162,221,127,1
3,1,277,112,277,1
3,1,189,82,291,128,171,81,1
3,1,14,269,14,1
3,1,81,78,81,1
3,1,198,252,54,252,198,1
3,1,212,1
3,1,136,1
3,1,27,296,99,296,27,1
3,1,81,171,255,203,204,295,171,81,1
3,1,189,46,267,46,189,1
3,1,271,174,271,1
3,1,245,160,197,193,197,160,245,1
3,1,259,47,105,82,189,1
3,1,11,121,10,56,31,81,1
3,1,212,58,212,1
3,1,127,221,162,224,162,221,127,1
3,1,60,53,233,212,1
3,1,245,192,156,161,290,245,1
3,1,14,180,14,1
3,1,81,286,4,297,4,286,81,1
3,1,81,171,255,203,29,203,255,171,81,1
3,1,27,149,152,299,152,149,27,1
3,1,218,163,19,163,59,198,1
3,1,27,149,91,149,27,1
3,1,182,76,26,57,89,49,149,27,1
3,1,44,289,44,1
3,1,81,201,130,201,81,1
3,1,136,155,45,44,1
3,1,27,149,137,64,176,182,1
3,1,44,119,140,119,44,1
3,1,81,171,220,2,220,171,81,1
3,1,81,126,148,166,262,38,25,81,1
3,1,44,119,239,119,44,1
3,1,198,59,43,149,27,1
3,1,27,149,91,115,236,136,1
3,1,198,59,102,59,198,1
3,1,182,92,182,1
3,1,27,149,264,149,27,1
3,1,17,88,75,62,192,245,1
3,1,182,76,274,76,182,1
3,1,83,3,251,28,245,1
3,1,81,286,143,286,81,1
3,1,182,76,292,222,289,44,1
3,1,136,129,265,129,136,1
3,1,198,59,102,257,102,59,198,1
3,1,198,59,238,59,198,1
3,1,14,269,225,269,14,1
3,1,245,28,245,1
3,1,198,59,172,275,152,149,27,1
3,1,81,286,146,253,120,294,273,198,1
3,1,44,57,142,57,44,1
3,1,190,1
3,1,44,119,239,23,239,119,44,1
3,1,44,289,77,222,36,207,36,289,44,1
3,1,17,157,17,1
3,1,182,76,26,178,26,76,182,1
3,1,81,286,143,108,143,286,81,1
3,1,182,68,202,149,27,1
3,1,27,196,27,1
3,1,27,149,49,89,39,159,272,152,149,27,1
3,1,104,191,218,1
3,1,271,87,271,1
3,1,232,133,294,144,232,1
3,1,182,92,237,92,182,1
3,1,40,223,40,1
3,1,83,6,83,1
3,1,81,286,258,30,258,286,81,1
3,1,81,286,143,55,143,286,81,1
3,1,27,149,137,64,194,64,137,149,27,1
3,1,17,96,215,81,1
3,1,245,266,245,1
3,1,40,79,40,1
3,1,11,71,11,1
3,1,232,144,63,230,14,1
3,1,81,286,258,177,258,286,81,1
3,1,198,263,198,1
3,1,14,282,173,83,1
3,1,81,286,13,195,1
3,1,109,1
3,1,44,119,239,254,179,40,1
3,1,44,57,7,57,44,1
3,1,83,285,83,1
3,1,245,160,110,260,6,83,1
3,1,245,192,5,192,245,1
3,1,198,252,150,252,198,1
3,1,81,286,143,108,287,108,143,286,81,1
3,1,83,285,95,285,83,1
3,1,11,256,106,256,11,1
3,1,81,286,143,21,143,286,81,1
3,1,271,107,158,107,271,1
3,1,245,192,205,192,245,1