1,1,120,5,164,120,1
1,1,138,211,138,1
1,1,79,1
1,1,120,164,22,164,120,1
1,1,120,112,264,112,120,1
1,1,120,164,153,164,120,1
1,1,280,1
1,1,79,100,79,1
1,1,120,164,284,134,250,120,1
1,1,120,141,120,1
1,1,120,109,120,1
1,1,79,185,79,1
1,1,225,1
1,1,280,184,120,1
1,1,5,205,5,1
1,1,120,164,41,164,120,1
1,1,138,174,138,1
1,1,280,73,280,1
1,1,79,295,79,1
1,1,49,1
1,1,120,124,120,1
1,1,120,164,232,174,149,1
1,1,122,1
1,1,122,94,122,1
1,1,122,94,139,94,122,1
1,1,79,100,39,100,79,1
1,1,120,141,202,192,100,79,1
1,1,5,169,5,1
1,1,223,66,223,1
1,1,138,125,138,1
1,1,49,186,218,186,49,1
1,1,138,211,96,298,240,279,78,279,138,11
1,1,138,118,138,1
1,1,76,1
1,1,120,141,21,141,120,1
1,1,57,1
1,1,120,140,120,1
1,1,5,205,204,205,5,1
1,1,76,166,76,1
1,1,138,118,172,118,138,1
1,1,222,1
1,1,120,115,120,1
1,1,122,94,122,1
1,1,120,26,120,1
1,1,49,220,49,1
1,1,120,164,22,148,22,164,120,1
1,1,5,292,5,1
1,1,79,150,79,1
1,1,120,164,284,44,42,1
1,1,120,23,44,42,1
1,1,280,90,163,112,120,1
1,1,238,268,238,76,1
1,1,120,109,75,109,120,1
1,1,120,109,195,158,1
1,1,167,217,120,1
1,1,120,141,215,141,120,1
1,1,138,118,72,161,292,5,1
1,1,225,173,29,173,225,1
1,1,120,164,41,213,41,164,120,1
1,1,85,1
1,1,120,112,285,112,120,1
1,1,210,143,210,1
1,1,120,233,252,5,1
1,1,33,289,138,1
1,1,5,205,212,87,10,250,120,1
1,1,280,184,262,204,205,5,1
1,1,120,124,181,124,120,1
1,1,120,258,120,1
1,1,138,273,156,11,1
1,1,138,174,224,174,138,1
1,1,120,164,9,164,120,1
1,1,49,182,186,49,1
1,1,120,115,24,115,120,1
1,1,98,1
1,1,49,220,131,220,49,1
1,1,76,165,76,1
1,1,79,185,200,93,200,185,79,1
1,1,120,141,202,256,202,141,120,1
1,1,235,1
1,1,120,250,187,44,42,1
1,1,223,32,223,1
1,1,280,184,144,37,44,42,1
1,1,57,74,57,1
1,1,79,100,203,100,79,1
1,1,120,164,153,261,153,164,120,1
1,1,79,185,248,185,79,1
1,1,121,129,94,122,1
1,1,280,73,171,42,1
1,1,138,211,119,224,59,224,174,138,1
1,1,138,125,291,125,138,1
1,1,5,197,5,1
1,1,76,106,68,223,1
1,1,79,150,51,150,79,1
1,1,138,118,172,34,172,118,138,1
1,1,120,140,61,145,120,1
1,1,179,1
1,1,120,103,229,141,120,1
1,1,120,250,214,250,120,1
1,1,120,258,19,258,120,1
1,1,5,205,266,179,176,109,120,1
1,1,120,141,221,198,173,225,1
1,1,280,70,280,1
1,1,155,1
1,1,5,252,50,252,5,1
1,1,76,137,76,1
1,1,138,174,286,201,1
1,1,138,211,95,211,138,1
1,1,210,35,191,35,210,1
1,1,120,109,116,109,120,1
1,1,138,125,101,125,138,1
1,1,138,174,254,159,254,107,98,1
1,1,120,250,6,250,120,1
1,1,138,289,63,175,289,138,1
1,1,138,211,149,297,30,149,1
1,1,296,1
1,1,79,100,88,16,202,141,120,1
1,1,225,173,157,173,225,1
1,1,122,94,287,94,122,1
1,1,138,211,14,168,33,1
1,1,225,111,62,111,225,1
1,1,120,141,202,256,272,256,202,141,120,11
1,1,76,166,12,166,76,1
1,1,113,1
1,1,117,183,111,225,1
1,1,120,124,219,71,44,42,1
1,1,120,164,41,15,83,166,76,1
1,1,138,211,149,170,149,1
1,1,49,220,84,42,1
1,1,190,1
1,1,49,249,49,1
1,1,120,163,7,144,206,66,223,1
1,1,120,164,9,102,9,164,120,1
1,1,13,242,32,223,1
1,1,138,211,123,211,138,1
1,1,11,17,37,44,42,1
1,1,57,97,57,1
1,1,45,1
1,1,120,112,264,8,264,112,120,1
1,1,210,143,133,143,210,1
1,1,138,211,259,211,138,1
1,1,76,269,76,1
1,1,79,152,234,98,1
1,1,138,174,224,36,224,174,138,1
1,1,280,73,277,176,45,86,206,66,223,11
1,1,98,199,98,1
1,1,155,293,155,1
1,1,235,243,235,1
1,1,120,283,120,1
1,1,138,4,194,122,1
1,1,138,174,281,174,138,1
1,1,138,118,64,118,138,1
1,1,5,252,50,31,50,252,5,1
1,1,138,174,224,59,43,59,224,174,138,11
1,1,76,166,38,267,125,138,1
1,1,280,73,53,84,42,1
1,1,138,211,96,147,96,211,138,1
1,1,155,293,226,293,155,1
1,1,76,166,47,166,76,1
1,1,138,211,149,297,81,297,149,1
1,1,120,141,215,260,215,141,120,1
1,1,122,275,122,1
1,1,210,108,210,1
1,1,138,247,138,1
1,1,85,245,85,1
1,1,138,2,138,1
1,1,57,97,80,97,57,1
1,1,48,183,98,67,78,279,138,1
1,1,5,274,5,1
1,1,5,265,5,1
1,1,138,211,149,92,149,1
1,1,13,241,13,1
1,1,138,211,123,99,177,247,138,1
1,1,113,180,113,1
1,1,155,293,46,293,155,1
1,1,76,137,28,137,76,1
1,1,138,211,40,211,138,1
1,1,76,188,76,1
1,1,113,180,239,180,113,1
1,1,120,124,114,84,42,1
1,1,296,255,296,1
1,1,76,166,136,166,76,1
1,1,138,125,291,257,291,125,138,1
1,1,210,209,207,209,210,1
1,1,138,211,162,65,275,122,1
1,1,49,91,49,1
1,1,223,32,105,32,223,1
1,1,76,137,55,288,142,101,125,138,1
1,1,76,166,294,166,76,1
1,1,210,246,210,1
1,1,210,69,126,69,210,1
1,1,49,186,218,290,218,186,49,1
1,1,76,276,237,220,49,1
1,1,210,108,278,108,210,1
1,1,49,104,49,1
1,1,76,166,132,166,76,1
1,1,13,58,13,1
1,1,296,230,296,1
1,1,138,125,178,125,138,1
1,1,189,227,189,1
1,1,210,69,25,253,25,69,210,1
1,1,76,300,76,1
1,1,138,289,110,289,138,1
1,1,76,166,38,52,20,127,132,166,76,11
1,1,210,216,77,210,1
1,1,210,143,160,130,227,189,1
1,1,76,166,132,271,132,166,76,1
1,1,210,246,208,246,210,1
1,1,296,146,296,1
1,1,138,236,138,1
1,1,210,209,231,209,210,1
1,1,210,69,126,18,126,69,210,1
1,1,76,269,3,269,76,1
1,1,138,211,154,211,138,1
1,1,27,89,35,210,1
1,1,76,166,132,127,20,82,76,1
1,1,76,137,55,196,55,137,76,1
1,1,76,166,132,271,60,271,132,166,76,11
1,1,210,209,207,56,207,209,210,1
1,1,76,166,12,54,136,244,136,166,76,11
1,1,189,263,189,1
1,1,76,166,270,135,82,282,236,138,1
1,1,138,289,193,189,128,228,249,49,1
1,1,138,289,110,299,110,289,138,1
1,1,120,164,251,164,120,1
1,1,201,151,201,1
2,1,120,1
2,1,5,164,120,1
2,1,138,211,149,30,149,1
2,1,79,1
2,1,120,164,22,164,153,164,120,1
2,1,120,112,120,1
2,1,280,1
2,1,79,100,79,1
2,1,120,164,284,134,284,164,120,1
2,1,120,141,120,1
2,1,120,109,120,1
2,1,79,185,79,1
2,1,225,173,225,1
2,1,280,184,124,44,124,120,1
2,1,5,205,5,1
2,1,120,164,41,164,120,1
2,1,138,174,138,1
2,1,280,73,280,1
2,1,79,295,134,250,120,1
2,1,49,1
2,1,120,112,264,116,109,120,1
2,1,120,164,232,174,224,174,138,1
2,1,122,1
2,1,79,100,39,100,79,1
2,1,120,141,202,141,120,1
2,1,5,169,5,1
2,1,223,66,223,1
2,1,138,125,138,1
2,1,49,186,182,118,138,1
2,1,138,211,96,298,96,211,138,1
2,1,76,166,76,1
2,1,120,141,21,141,120,1
2,1,57,1
2,1,79,100,192,100,79,1
2,1,120,140,120,1
2,1,5,205,204,262,204,205,5,1
2,1,138,83,138,1
2,1,138,118,172,118,72,118,138,1
2,1,222,71,222,1
2,1,120,115,120,1
2,1,122,94,139,94,122,1
2,1,120,26,120,1
2,1,49,220,266,205,5,1
2,1,120,164,22,148,22,164,120,1
2,1,5,292,5,1
2,1,49,220,218,220,49,1
2,1,79,150,79,1
2,1,120,23,120,1
2,1,280,90,280,1
2,1,238,76,1
2,1,120,109,75,109,120,1
2,1,120,109,195,109,120,1
2,1,167,51,272,256,202,141,120,1
2,1,120,141,215,141,120,1
2,1,280,73,42,1
2,1,120,164,41,213,41,164,120,1
2,1,85,198,173,225,1
2,1,120,112,285,112,120,1
2,1,210,1
2,1,120,233,252,5,1
2,1,33,1
2,1,5,205,212,87,5,1
2,1,120,163,112,120,1
2,1,120,124,181,124,120,1
2,1,120,258,19,258,120,1
2,1,138,273,138,1
2,1,158,1
2,1,120,164,9,164,120,1
2,1,120,115,24,115,120,1
2,1,98,107,245,48,1
2,1,49,220,131,220,49,1
2,1,76,165,76,1
2,1,79,185,200,74,97,57,1
2,1,235,62,138,1
2,1,120,250,10,197,5,1
2,1,120,250,187,250,214,250,120,1
2,1,223,32,223,1
2,1,280,184,144,184,120,1
2,1,5,292,161,292,5,1
2,1,280,37,66,84,42,1
2,1,79,100,203,100,79,1
2,1,138,279,78,83,138,1
2,1,120,164,153,261,153,164,120,1
2,1,79,185,248,29,173,225,1
2,1,121,152,79,1
2,1,280,73,171,181,219,124,120,1
2,1,138,211,119,211,138,1
2,1,138,125,291,125,138,1
2,1,76,106,68,223,1
2,1,138,118,172,34,172,118,138,1
2,1,120,140,61,145,120,1
2,1,179,1
2,1,120,164,41,240,41,164,120,1
2,1,120,103,120,1
2,1,138,289,63,289,138,1
2,1,120,141,221,254,174,138,1
2,1,280,70,280,1
2,1,155,1
2,1,210,143,210,1
2,1,5,252,50,31,50,252,5,1
2,1,76,137,76,1
2,1,138,174,286,201,12,166,76,1
2,1,122,94,129,94,122,1
2,1,138,211,95,211,138,1
2,1,210,35,191,206,218,220,49,1
2,1,120,217,120,1
2,1,138,125,101,125,138,1
2,1,120,250,6,285,252,50,8,264,112,120,11
2,1,138,211,149,297,149,1
2,1,120,141,229,16,202,141,120,1
2,1,120,141,202,93,200,185,79,1
2,1,296,1
2,1,79,100,88,100,79,1
2,1,225,173,157,173,225,1
2,1,122,94,287,94,122,1
2,1,138,211,14,211,138,1
2,1,238,268,238,76,1
2,1,225,111,225,1
2,1,113,1
2,1,138,174,224,59,224,174,138,1
2,1,117,183,111,225,1
2,1,120,164,41,15,41,164,120,1
2,1,138,211,149,170,149,1
2,1,190,1
2,1,49,249,49,1
2,1,120,163,7,73,280,1
2,1,120,164,9,102,9,164,120,1
2,1,13,1
2,1,138,211,123,211,138,1
2,1,120,109,176,109,120,1
2,1,11,156,11,1
2,1,45,176,277,73,280,1
2,1,210,143,133,143,210,1
2,1,138,211,259,211,138,1
2,1,223,32,242,114,84,42,1
2,1,76,269,76,1
2,1,138,174,224,36,224,174,138,1
2,1,98,199,98,1
2,1,155,293,155,1
2,1,235,243,235,1
2,1,138,289,175,289,138,1
2,1,138,174,254,159,254,174,138,1
2,1,49,220,218,53,84,42,1
2,1,120,283,120,1
2,1,49,220,218,64,218,220,49,1
2,1,138,4,138,1
2,1,98,234,98,1
2,1,138,174,281,174,138,1
2,1,138,174,224,59,43,92,149,1
2,1,122,194,122,1
2,1,76,166,38,166,76,1
2,1,138,211,96,147,96,211,138,1
2,1,155,293,226,293,155,1
2,1,33,168,33,1
2,1,76,166,47,166,76,1
2,1,138,211,149,297,81,275,2,138,1
2,1,120,141,215,260,215,141,120,1
2,1,210,108,210,1
2,1,138,247,138,1
2,1,57,97,80,97,57,1
2,1,5,274,5,1
2,1,5,265,5,1
2,1,13,241,13,1
2,1,49,220,218,290,218,220,49,1
2,1,210,17,104,218,220,49,1
2,1,138,211,123,99,123,211,138,1
2,1,113,180,113,1
2,1,155,293,46,293,155,67,162,211,138,11
2,1,138,247,177,247,138,1
2,1,76,137,28,188,76,1
2,1,138,211,40,142,101,125,138,1
2,1,49,220,218,86,239,86,228,86,218,220,49,11
2,1,138,125,267,55,137,76,1
2,1,296,255,296,1
2,1,76,166,136,166,76,1
2,1,138,125,291,257,291,125,138,1
2,1,210,209,210,1
2,1,49,91,160,218,220,49,1
2,1,223,32,105,32,223,1
2,1,76,166,294,166,76,1
2,1,210,246,210,1
2,1,210,69,126,69,210,1
2,1,76,276,237,220,49,1
2,1,210,108,278,108,210,1
2,1,210,209,207,227,207,209,210,1
2,1,76,166,132,166,76,1
2,1,13,58,253,77,210,1
2,1,296,230,296,1
2,1,138,125,178,125,138,1
2,1,189,1
2,1,210,69,25,69,210,1
2,1,76,300,76,1
2,1,138,289,110,289,138,1
2,1,76,166,38,52,38,166,76,1
2,1,76,165,288,165,76,1
2,1,210,216,299,110,289,138,1
2,1,76,166,132,271,132,166,76,1
2,1,210,246,208,246,210,1
2,1,296,146,296,1
2,1,138,236,138,1
2,1,210,209,231,209,210,1
2,1,210,69,126,18,126,69,210,1
2,1,76,269,3,269,76,1
2,1,138,211,154,211,138,1
2,1,27,1
2,1,76,166,132,127,132,166,76,1
2,1,76,137,55,196,55,137,76,1
2,1,76,166,132,271,60,20,60,271,132,166,76,11
2,1,210,209,207,56,110,263,189,1
2,1,76,166,12,54,12,166,76,1
2,1,76,166,270,166,76,1
2,1,138,289,193,289,138,1
2,1,76,166,132,271,244,55,135,137,76,11
2,1,122,275,65,275,122,1
2,1,76,82,282,151,201,1
2,1,120,164,251,164,120,1
2,1,210,209,231,128,231,209,210,1
2,1,210,209,207,227,130,56,207,209,210,11
2,1,210,35,89,130,56,207,209,210,1
3,1,120,5,1
3,1,120,164,120,1
3,1,138,1
3,1,79,1
3,1,120,164,22,164,120,1
3,1,120,112,120,1
3,1,138,211,138,1
3,1,120,164,153,295,79,1
3,1,280,184,120,1
3,1,79,100,192,100,79,1
3,1,120,164,284,164,120,1
3,1,120,141,120,1
3,1,120,109,120,1
3,1,79,185,79,1
3,1,225,9,164,120,1
3,1,5,205,5,1
3,1,120,164,41,164,120,1
3,1,138,174,138,1
3,1,280,73,280,1
3,1,49,220,49,1
3,1,120,124,120,1
3,1,120,112,264,116,109,120,1
3,1,120,164,232,174,149,1
3,1,122,1
3,1,79,100,39,100,79,1
3,1,120,141,202,141,120,1
3,1,120,164,284,134,284,164,120,1
3,1,5,169,5,1
3,1,223,1
3,1,120,250,120,1
3,1,138,125,138,1
3,1,49,186,49,1
3,1,138,211,96,211,138,1
3,1,138,118,138,1
3,1,76,166,76,1
3,1,120,141,21,141,120,1
3,1,57,1
3,1,120,140,285,112,120,1
3,1,5,205,204,42,1
3,1,138,83,138,1
3,1,138,118,172,118,138,1
3,1,222,181,124,120,1
3,1,120,115,120,1
3,1,122,94,122,1
3,1,120,26,120,1
3,1,120,164,22,148,22,164,120,1
3,1,5,292,5,1
3,1,49,220,218,273,138,1
3,1,79,150,51,167,1
3,1,120,164,284,44,42,1
3,1,120,23,44,42,1
3,1,280,90,163,112,120,1
3,1,120,164,284,44,42,44,37,44,42,11
3,1,238,76,1
3,1,120,109,75,109,120,1
3,1,120,109,195,109,120,1
3,1,167,51,272,256,202,141,120,1
3,1,120,141,215,198,26,120,1
3,1,138,118,72,118,138,1
3,1,120,164,22,148,298,148,22,164,120,11
3,1,225,173,225,1
3,1,120,164,41,213,286,174,138,1
3,1,85,1
3,1,210,143,210,1
3,1,120,233,252,5,1
3,1,33,165,33,182,186,49,1
3,1,5,205,212,44,42,1
3,1,280,184,262,204,42,1
3,1,120,258,120,1
3,1,158,1
3,1,138,174,224,240,279,138,1
3,1,120,115,24,200,185,79,1
3,1,98,155,293,155,1
3,1,49,220,131,220,218,66,223,1
3,1,5,87,171,84,42,1
3,1,120,141,202,256,272,117,1
3,1,235,1
3,1,120,250,10,97,57,1
3,1,120,250,187,44,42,1
3,1,223,32,242,64,218,220,49,1
3,1,280,184,144,184,120,1
3,1,5,292,161,292,5,1
3,1,57,74,61,140,120,1
3,1,79,100,203,100,79,1
3,1,120,164,153,261,153,164,120,1
3,1,79,185,248,185,79,1
3,1,121,1
3,1,225,173,29,198,221,141,120,1
3,1,138,211,119,211,138,1
3,1,122,94,139,94,122,1
3,1,138,125,291,125,138,1
3,1,5,197,5,1
3,1,76,106,76,1
3,1,138,118,172,34,172,118,138,1
3,1,179,1
3,1,120,103,6,250,120,1
3,1,120,250,214,258,19,258,120,1
3,1,5,205,266,179,176,109,120,1
3,1,138,289,138,1
3,1,280,70,176,277,73,280,1
3,1,5,252,50,252,5,1
3,1,76,137,76,1
3,1,122,94,129,94,122,1
3,1,138,211,95,102,9,164,120,1
3,1,210,35,210,1
3,1,120,217,120,1
3,1,138,125,101,125,138,1
3,1,138,174,254,174,138,1
3,1,138,289,63,289,68,223,1
3,1,201,1
3,1,138,211,149,297,149,1
3,1,120,141,229,141,120,1
3,1,120,141,202,93,85,243,235,1
3,1,296,1
3,1,79,100,88,245,85,1
3,1,138,211,149,30,149,1
3,1,225,173,157,173,225,1
3,1,122,94,287,94,122,1
3,1,138,211,14,211,138,1
3,1,238,268,238,76,1
3,1,225,111,183,111,225,1
3,1,76,166,12,166,76,1
3,1,113,1
3,1,138,174,224,59,224,174,138,1
3,1,120,124,219,124,120,1
3,1,120,164,41,15,41,164,120,1
3,1,138,211,149,170,149,1
3,1,190,1
3,1,49,249,49,1
3,1,120,163,7,73,280,1
3,1,13,1
3,1,138,211,123,99,123,211,138,1
3,1,225,111,62,111,225,1
3,1,11,1
3,1,98,107,98,1
3,1,45,1
3,1,120,112,264,8,50,31,50,252,5,11
3,1,210,143,133,143,210,1
3,1,49,220,218,206,191,35,210,1
3,1,138,211,259,211,138,1
3,1,76,269,241,13,1
3,1,79,152,79,1
3,1,138,174,224,36,259,234,98,1
3,1,98,199,59,43,59,224,174,138,1
3,1,138,289,175,289,138,1
3,1,138,174,254,159,254,174,138,1
3,1,138,83,78,83,138,1
3,1,49,220,218,53,84,42,1
3,1,120,283,120,1
3,1,120,145,120,1
3,1,138,4,138,1
3,1,120,141,202,16,202,141,120,1
3,1,138,174,281,67,78,83,138,1
3,1,222,71,44,42,1
3,1,122,194,122,1
3,1,76,166,38,166,76,1
3,1,138,211,96,147,96,211,138,1
3,1,155,293,226,293,155,1
3,1,33,168,33,1
3,1,76,166,47,78,162,67,247,138,1
3,1,138,211,149,297,81,297,149,1
3,1,120,141,215,260,215,141,120,1
3,1,122,275,122,1
3,1,210,108,210,1
3,1,138,2,28,137,76,1
3,1,57,97,80,97,57,1
3,1,11,156,276,76,1
3,1,48,1
3,1,5,274,5,1
3,1,5,265,145,87,17,37,44,42,1
3,1,138,211,149,92,149,1
3,1,49,220,218,290,105,32,223,1
3,1,113,180,113,1
3,1,155,293,46,293,155,98,199,257,291,125,138,11
3,1,138,247,177,154,211,138,1
3,1,138,211,40,211,138,1
3,1,49,220,218,86,218,220,49,1
3,1,138,125,267,125,138,1
3,1,76,188,76,1
3,1,113,180,239,180,113,1
3,1,120,124,114,91,56,104,218,220,49,11
3,1,296,255,146,296,1
3,1,76,166,136,166,76,1
3,1,210,209,104,209,27,1
3,1,76,137,55,137,76,1
3,1,76,166,294,166,76,1
3,1,210,246,210,1
3,1,210,69,210,1
3,1,210,108,278,142,101,125,138,1
3,1,210,69,126,69,25,69,126,208,246,210,11
3,1,76,166,132,166,76,1
3,1,223,207,223,1
3,1,49,220,237,220,49,1
3,1,13,58,52,38,166,76,1
3,1,296,230,296,1
3,1,138,125,178,125,138,1
3,1,189,1
3,1,76,300,135,137,76,1
3,1,138,289,110,289,138,1
3,1,49,220,218,160,218,220,49,1
3,1,76,165,288,55,244,136,166,76,1
3,1,210,216,77,3,269,76,1
3,1,76,166,132,271,132,166,76,1
3,1,189,227,189,1
3,1,138,236,138,1
3,1,210,209,231,209,210,1
3,1,210,69,126,18,110,299,110,289,138,11
3,1,210,69,25,253,25,69,210,1
3,1,76,166,132,127,132,166,76,1
3,1,76,137,55,196,55,137,76,1
3,1,76,166,132,271,60,271,132,166,76,11
3,1,76,166,12,54,12,166,76,1
3,1,49,220,218,86,228,86,218,220,49,11
3,1,189,263,189,1
3,1,76,166,270,166,76,1
3,1,138,289,193,289,138,1
3,1,76,166,132,271,60,20,82,76,1
3,1,122,275,65,275,122,1
3,1,120,164,251,164,120,1
3,1,210,209,231,128,231,209,210,1
3,1,189,227,130,56,104,218,220,49,1
3,1,138,236,282,236,138,1
3,1,210,35,89,35,210,1
3,1,201,151,201,1