1,1,8,1
1,1,67,30,55,65,1
1,1,2,17,16,1
1,1,67,85,9,15,1
1,1,12,1
1,1,31,15,1
1,1,65,71,37,31,1
1,1,28,77,16,1
1,1,49,67,80,83,50,65,1
1,1,58,1
1,1,8,93,64,73,1
1,1,92,45,92,1
1,1,24,52,13,19,34,61,2,1
1,1,46,1
1,1,47,25,51,21,92,1
1,1,2,66,75,13,2,1
1,1,8,51,11,1
1,1,58,35,64,89,4,16,1
1,1,46,27,30,55,1
1,1,8,40,8,1
1,1,2,88,72,49,1
1,1,2,6,82,31,1
1,1,39,1
1,1,55,1
1,1,70,1
1,1,65,7,65,1
1,1,81,1
1,1,58,90,58,1
1,1,32,83,81,1
1,1,54,60,41,55,1
1,1,16,18,57,4,16,1
1,1,2,13,2,1
1,1,55,43,55,22,31,1
1,1,12,26,12,1
1,1,46,68,46,1
1,1,73,63,79,86,52,2,1
1,1,65,97,48,60,41,55,1
1,1,46,69,94,68,33,65,1
1,1,58,1
1,1,65,50,65,1
1,1,55,53,55,1
1,1,58,96,58,1
1,1,67,29,67,1
1,1,15,84,10,1
1,1,10,1
1,1,65,3,65,1
1,1,55,41,55,1
1,1,55,95,55,1
1,1,55,94,23,97,65,1
1,1,58,1,65,50,87,27,76,2,1
1,1,39,99,39,1
1,1,74,1
1,1,10,5,10,1
1,1,65,14,65,1
1,1,31,91,31,1
1,1,2,100,44,2,1
1,1,12,59,12,1
1,1,2,61,36,78,62,8,1
1,1,65,97,98,38,42,41,55,1
1,1,81,83,56,39,1
1,1,11,1
1,1,31,20,31,1
1,1,65,14,38,14,65,1
2,1,2,86,2,1
2,1,31,96,100,82,31,1
2,1,48,56,39,1
2,1,97,69,46,1
2,1,58,1
2,1,24,72,17,79,73,1
2,1,10,1
2,1,58,90,100,82,4,16,1
2,1,31,57,18,16,1
2,1,2,52,84,10,1
2,1,70,1
2,1,47,1
2,1,2,100,2,1
2,1,12,59,81,1
2,1,10,84,78,71,79,86,75,25,47,1
2,1,11,1
2,1,58,1
2,1,81,14,65,1
2,1,10,28,40,8,1
2,1,15,87,26,12,1
2,1,65,55,1
2,1,65,97,98,15,1
2,1,16,70,91,31,1
2,1,39,1
2,1,8,62,8,1
2,1,31,37,31,1
2,1,31,20,31,1
2,1,92,21,92,1
2,1,55,41,60,41,55,1
2,1,2,61,66,75,13,2,1
2,1,65,7,65,1
2,1,65,3,65,1
2,1,2,6,34,63,73,1
2,1,81,83,81,1
2,1,74,1
2,1,11,36,11,1
2,1,15,9,15,1
2,1,49,58,1
2,1,2,19,22,89,45,92,1
2,1,73,64,93,8,1
2,1,46,68,46,1
2,1,10,5,10,1
2,1,58,1
2,1,55,53,55,1
2,1,65,97,23,33,65,1
2,1,32,1
2,1,39,85,37,38,14,65,1
2,1,92,45,51,82,31,1
2,1,65,87,50,65,1
2,1,81,83,80,83,81,1
2,1,2,76,35,58,1
2,1,58,1
2,1,2,44,5,13,2,1
2,1,65,50,83,43,55,1
2,1,2,88,13,2,1
2,1,16,77,99,55,95,55,1
2,1,58,1
2,1,67,29,67,1
2,1,65,3,27,30,55,1
2,1,55,94,68,42,54,41,55,1
3,1,69,23,97,65,1
3,1,54,42,87,43,55,1
3,1,46,68,94,55,1
3,1,6,34,16,1
3,1,97,48,97,90,21,62,8,1
3,1,16,77,16,1
3,1,39,1
3,1,39,86,63,73,1
3,1,11,13,2,1
3,1,73,64,93,8,1
3,1,58,1
3,1,67,20,31,1
3,1,67,91,80,8,1
3,1,39,85,40,22,31,1
3,1,58,35,76,28,10,1
3,1,92,1
3,1,46,60,26,12,1
3,1,58,83,68,46,1
3,1,58,1
3,1,49,58,1
3,1,32,12,1
3,1,10,1
3,1,31,1
3,1,55,1
3,1,31,57,45,70,1
3,1,15,75,15,1
3,1,58,96,58,1
3,1,49,72,75,51,82,31,1
3,1,31,37,31,1
3,1,2,1
3,1,92,45,89,36,11,1
3,1,12,50,65,1
3,1,2,13,75,66,29,78,19,2,1
3,1,2,61,2,1
3,1,2,100,9,53,55,1
3,1,11,27,11,1
3,1,39,56,39,5,25,47,1
3,1,15,9,15,1
3,1,58,1
3,1,2,61,78,84,61,2,1
3,1,2,61,84,30,55,1
3,1,15,14,65,1
3,1,24,52,2,1
3,1,58,90,58,1
3,1,58,1
3,1,39,99,65,1
3,1,74,1
3,1,2,86,79,71,17,16,1
3,1,55,95,55,1
3,1,16,4,16,1
3,1,65,3,65,1
3,1,55,41,55,1
3,1,2,44,18,16,1
3,1,65,97,98,38,14,65,1
3,1,8,88,2,1
3,1,65,7,65,1
3,1,12,59,12,1
3,1,58,1
3,1,81,1
3,1,65,33,65,1